// Hunt Zone

//--------------------------------------//
// Map Drop                             //
//--------------------------------------//
0
//    Map ID   Drop   Minimal DropRate
	0	0	0	1000	// Lorencia
	1	0	0	1000	// Dungeon
	2	0	0	1000	// Devias
	3	0	0	1000	// Noria
	4	0	0	1000	// Lost Tower
	5	0	0	1000	// Exile
	6	0	0	1000	// Arena
	7	0	0	1000	// Atlans
	8	0	0	1000	// Tarkan
	9	0	0	1000	// Devil Square
	10	0	0	1000	// Icarus
end

//--------------------------------------//
// Drop Options                         //
//--------------------------------------//
1
//        Name         ZenAmount    ItemType  Index   ItemLvl DropRate NormDrop ExcDrop
       "HuntZone"       1000000		0	0	 0	 0	 100	  1
end

//--------------------------------------//
// Item Drops                           //
//--------------------------------------//
2
//  ItemType  Index  MinLvl MaxLvl    Skill    Luck   Option  Excellent

	0	17	0	4	1	0	0	0	//다크브레이커
	0	18	0	4	1	0	0	0	//선더블레이드
	0	31	0	4	1	0	0	0	//데쓰브로드
	0	20	0	1	1	0	0	0	//나이트블레이드
	0	21	0	1	1	0	0	0	//데스블레이드
	3	12	0	1	1	0	0	0	//그레이트로드셉터
	4	19	0	4	1	0	0	0	//그레이트레인석궁
	4	20	0	1	1	0	0	0	//에로우바은맙??
	5	9	0	4	1	0	0	0	//드래곤소울지팡이
	5	11	0	1	1	0	0	0	//쿤둔의지팡이
	0	16	0	0	1	1	0	1	//엑설런트 파괴의검
	2	10	0	0	1	1	0	1	//엑설런트 그레이트셉터
	3	10	0	0	1	1	0	1	//엑설런트 드래곤스피어
	4	16	0	0	1	1	0	1	//엑설런트 세인트크로스석궁
	4	17	0	0	1	1	0	1	//엑설런트 홀리사이트보우
	5	9	0	0	1	1	0	1	//엑설런트 드래곤소울지팡이
	5	8	0	0	1	1	0	1	//엑설런트 파멸의지팡이
	7	21	0	3	0	1	0	0	//그레이트드라곤투구
	7	22	0	3	0	1	0	0	//블랙소울헬멧
	7	28	0	3	0	1	0	0	//다크마스터마스크
	7	24	0	3	0	1	0	0	//레드스피릿헬멧
	9	21	0	3	0	1	0	0	//그레이트드라곤바지
	9	22	0	3	0	1	0	0	//블랙소울바지
	9	23	0	3	0	1	0	0	//아스릴바지
	9	24	0	3	0	1	0	0	//레드스피릿바지
	9	28	0	3	0	1	0	0	//다크마스터바지
	10	21	0	3	0	1	0	0	//그레이트드라곤장갑
	10	24	0	3	0	1	0	0	//레드스피릿장갑
	10	23	0	3	0	1	0	0	//아스릴장갑
	11	22	0	3	0	1	0	0	//블랙소울부츠
	11	23	0	3	0	1	0	0	//아스릴부츠
	11	28	0	3	0	1	0	0	//다크마스터부츠
end