// Moon Cookie

//--------------------------------------//
// Map Drop                             //
//--------------------------------------//
0
//    Map ID   Drop   Minimal DropRate
	0	0	0	1000	// Lorencia
	1	0	0	1000	// Dungeon
	2	0	0	1000	// Devias
	3	0	0	1000	// Noria
	4	0	0	1000	// LostTower
	5	0	0	1000	// Exile
	6	0	0	1000	// Arena
	7	0	0	1000	// Atlans
	8	0	0	1000	// Tarkan
	9	0	0	1000	// DevilSquare
	10	0	0	1000	// Icarus
end

//--------------------------------------//
// Drop Options                         //
//--------------------------------------//
1
//        Name         ZenAmount    ItemType  Index   ItemLvl DropRate NormDrop ExcDrop
       "MoonCookie"	50000		14	11	14	 30	 40	 100
end

//--------------------------------------//
// Item Drops                           //
//--------------------------------------//
2
//  ItemType  Index  MinLvl MaxLvl    Skill    Luck   Option  Excellent

	0	14	5	8	1	1	1	0	//번개검
	0	12	5	8	1	1	1	0	//태양검
	0	15	5	8	1	1	1	0	//거대한검
	0	13	5	8	1	1	1	0	//더블블레이드
	0	11	5	8	1	1	1	0	//전설의검
	0	10	5	8	1	1	1	0	//빛의검
	1	8	5	8	1	1	1	0	//반월도끼
	3	8	5	8	1	1	1	0	//그레이트사이드
	1	7	5	8	1	1	1	0	//라르칸도끼
	3	4	5	8	1	1	1	0	//서펜트스피어
	5	5	5	8	1	1	1	0	//전설의지팡이
	5	4	5	8	1	1	1	0	//고르곤지팡이
	5	3	5	8	1	1	1	0	//번개지팡이
	6	12	5	8	1	1	1	0	//브론즈방패
	6	14	5	8	1	1	1	0	//전설의방패
	6	11	5	8	1	1	1	0	//서펜트방패
	6	8	5	8	1	1	1	0	//타워방패
	4	5	5	8	1	1	1	0	//실버보우
	4	12	5	8	1	1	1	0	//서팬트석궁
	4	4	5	8	1	1	1	0	//타이거보우
	1	2	0	0	1	1	1	1	//양날도끼
	0	3	0	0	1	1	1	1	//카타치
	1	3	0	0	1	1	1	1	//토마호크
	0	6	0	0	1	1	1	1	//그라디우스
	2	2	0	0	1	1	1	1	//철퇴
	0	7	0	0	1	1	1	1	//펄션
	1	4	0	0	1	1	1	1	//요정도끼
	0	8	0	0	1	1	1	1	//서펜드볼그
	5	1	0	0	1	1	1	1	//천사지팡이
	5	2	0	0	1	1	1	1	//독사지팡이
	6	3	0	0	1	1	1	1	//요정방패
	6	9	0	0	1	1	1	1	//철판방패
	6	7	0	0	1	1	1	1	//스파이크방패
	6	5	0	0	1	1	1	1	//드래곤슬레이어방패
	4	2	0	0	1	1	1	1	//요정활
	4	10	0	0	1	1	1	1	//아큐버스
	4	3	0	0	1	1	1	1	//전투활
	4	11	0	0	1	1	1	1	//빛의석궁
	7	9	5	8	0	1	1	0	//철판헬멧
	8	9	5	8	0	1	1	0	//철판갑옷
	9	9	5	8	0	1	1	0	//철판바지
	10	9	5	8	0	1	1	0	//철판장갑
	11	9	5	8	0	1	1	0	//철판부츠
	7	1	5	8	0	1	1	0	//드라곤투구
	8	1	5	8	0	1	1	0	//드라곤갑옷
	9	1	5	8	0	1	1	0	//드라곤바지
	10	1	5	8	0	1	1	0	//드라곤장갑
	11	1	5	8	0	1	1	0	//드라곤부츠
	7	13	5	8	0	1	1	0	//정령투구
	8	13	5	8	0	1	1	0	//정령갑옷
	9	13	5	8	0	1	1	0	//정령바지
	10	13	5	8	0	1	1	0	//정령장갑
	11	13	5	8	0	1	1	0	//정령부츠
	7	14	5	8	0	1	1	0	//수호투구
	8	14	5	8	0	1	1	0	//수호갑옷
	9	14	5	8	0	1	1	0	//수호바지
	10	14	5	8	0	1	1	0	//수호장갑
	11	14	5	8	0	1	1	0	//수호부츠
	7	3	5	8	0	1	1	0	//전설투구
	8	3	5	8	0	1	1	0	//전설갑옷
	9	3	5	8	0	1	1	0	//전설바지
	10	3	5	8	0	1	1	0	//전설장갑
	11	3	5	8	0	1	1	0	//전설부츠
	7	0	5	8	0	1	1	1	//청동헬멧
	8	0	5	8	0	1	1	1	//청동갑옷
	9	0	5	8	0	1	1	1	//청동바지
	10	0	5	8	0	1	1	1	//청동장갑
	11	0	5	8	0	1	1	1	//청동부츠
	7	6	5	8	0	1	1	1	//비늘헬멧
	8	6	5	8	0	1	1	1	//비늘갑옷
	9	6	5	8	0	1	1	1	//비늘바지
	10	6	5	8	0	1	1	1	//비늘장갑
	11	6	5	8	0	1	1	1	//비늘부츠
	7	11	5	8	0	1	1	1	//실크헬멧
	8	11	5	8	0	1	1	1	//실크갑옷
	9	11	5	8	0	1	1	1	//실크바지
	10	11	5	8	0	1	1	1	//실크장갑
	11	11	5	8	0	1	1	1	//실크부츠
	7	2	5	8	0	1	1	1	//패드헬멧
	8	2	5	8	0	1	1	1	//패드갑옷
	9	2	5	8	0	1	1	1	//패드바지
	10	2	5	8	0	1	1	1	//패드장갑
	11	2	5	8	0	1	1	1	//패드부츠
	7	4	5	8	0	1	1	1	//뼈헬멧
	8	4	5	8	0	1	1	1	//뼈갑옷
	9	4	5	8	0	1	1	1	//뼈바지
	10	4	5	8	0	1	1	1	//뼈장갑
	11	4	5	8	0	1	1	1	//뼈부츠
	13	2	0	0	0	0	0	0	//유니리아의뿔
	13	0	0	0	0	0	0	0	//수호천사
	13	1	0	0	0	0	0	0	//사탄
	14	13	0	0	0	0	0	0	//축복의보석
	14	14	0	0	0	0	0	0	//영혼의보석
	12	15	0	0	0	0	0	0	//혼돈의보석
	14	16	0	0	0	0	0	0	//생명의보석
end