//===================================================================================
// Description: Moss Gambler shop config (max rate: 1 000 000)
// ----------------------------------------------------------------------------------
// Revision: 	12:29 01.04.2015
//===================================================================================

//=====================================
// Rate
//=====================================
0
// ----------------------------------------------------------------------------------
//	Skill	Luck	Option	ExcOpt	SortOpt
// ----------------------------------------------------------------------------------
	//RareItem1
	25000	20000	30000	50000	100000	//Category 1
	25000	20000	30000	40000	200000	//Category 2
	25000	20000	30000	30000	400000	//Category 3
	25000	20000	30000	20000	200000	//Category 4
	25000	20000	30000	10000	100000	//Category 5
	//RareItem2
	25000	20000	30000	50000	100000	//Category 1
	25000	20000	30000	40000	200000	//Category 2
	25000	20000	30000	30000	400000	//Category 3
	25000	20000	30000	20000	200000	//Category 4
	25000	20000	30000	10000	100000	//Category 5
	//RareItem3
	25000	20000	30000	50000	100000	//Category 1
	25000	20000	30000	40000	200000	//Category 2
	25000	20000	30000	30000	400000	//Category 3
	25000	20000	30000	20000	200000	//Category 4
	25000	20000	30000	10000	100000	//Category 5
	//RareItem4
	25000	20000	30000	50000	100000	//Category 1
	25000	20000	30000	40000	200000	//Category 2
	25000	20000	30000	30000	400000	//Category 3
	25000	20000	30000	20000	200000	//Category 4
	25000	20000	30000	10000	100000	//Category 5
	//RareItem4
	25000	20000	30000	50000	100000	//Category 1
	25000	20000	30000	40000	200000	//Category 2
	25000	20000	30000	30000	400000	//Category 3
	25000	20000	30000	20000	200000	//Category 4
	25000	20000	30000	10000	100000	//Category 5
end

//=====================================
// Option Rate
//=====================================
1
	30000
	30000
	30000
	30000
	30000
end

//=====================================
// Rare Rate
//=====================================
2
	100
	100
	100
	100
	100
end

3
//=====================================
// Excellent Option Rate
//=====================================
	30000
	30000
	20000
	20000
	10000
end

//=====================================
// Excellent Option Level
//=====================================
4
// ----------------------------------------------------------------------------------
//	Special		Normal
// ----------------------------------------------------------------------------------
	100000		1000
	100000		1500
	100000		2000
	100000		2500
	100000		3000
end

//=====================================
// Swords / Spears/ Mace
//=====================================
5
	0	0	0	5	1	1	1	4
	0	1	0	5	1	1	1	4
	0	2	0	5	1	1	1	4
	0	3	0	5	1	1	1	4
	0	4	0	5	1	1	1	4
	0	5	0	5	1	1	1	4
end

6 
	0	6	0	4	1	1	1	4
	0	7	0	4	1	1	1	4
	0	8	0	4	1	1	1	4
	0	9	0	4	1	1	1	4
	0	10	0	4	1	1	1	4
	0	11	0	4	1	1	1	4
end

7
	0	12	0	3	1	1	1	4
	0	13	0	3	1	1	1	4
	0	14	0	3	1	1	1	4
	0	15	0	3	1	1	1	4
	0	16	0	3	1	1	1	4
	0	17	0	3	1	1	1	4
end

8
	0	18	0	2	1	1	1	4
	0	19	0	2	1	1	1	4
	0	20	0	2	1	1	1	4
	0	21	0	2	1	1	1	4
	0	22	0	2	1	1	1	4
	0	23	0	2	1	1	1	4
end

9
	0	24	0	1	1	1	1	4
	0	25	0	1	1	1	1	4
	0	31	0	1	1	1	1	4
	3	11	0	1	1	1	1	4
end

//=====================================
// Staff
//=====================================
10
	5	0	0	5	1	1	1	4
	5	1	0	5	1	1	1	4
	5	2	0	5	1	1	1	4
end

11
	5	3	0	4	1	1	1	4
	5	4	0	4	1	1	1	4
	5	5	0	4	1	1	1	4

end

12
	5	6	0	3	1	1	1	4
	5	7	0	3	1	1	1	4
	5	8	0	3	1	1	1	4
end

13
	5	9	0	2	1	1	1	4
	5	10	0	2	1	1	1	4
	5	11	0	2	1	1	1	4
end

14
	5	12	0	1	1	1	1	4
	5	13	0	1	1	1	1	4
	5	33	0	1	1	1	1	4
end

//=====================================
// Bows
//=====================================
15
	4	0	0	5	1	1	1	4
	4	1	0	5	1	1	1	4
	4	2	0	5	1	1	1	4
	4	3	0	5	1	1	1	4
end

16
	4	4	0	4	1	1	1	4
	4	5	0	4	1	1	1	4
	4	6	0	4	1	1	1	4
	4	8	0	4	1	1	1	4
end

17
	4	9	0	3	1	1	1	4
	4	10	0	3	1	1	1	4
	4	11	0	3	1	1	1	4
	4	12	0	3	1	1	1	4
end

18
	4	13	0	2	1	1	1	4
	4	14	0	2	1	1	1	4
	4	16	0	2	1	1	1	4
	4	17	0	2	1	1	1	4
end

19
	4	18	0	1	1	1	1	4
	4	19	0	1	1	1	1	4
	4	20	0	1	1	1	1	4
	4	21	0	1	1	1	1	4
	4	22	0	1	1	1	1	4
	4	24	0	1	1	1	1	4
end

//=====================================
// Scepters
//=====================================
20 
	2	0	0	5	1	1	1	4
	2	1	0	5	1	1	1	4
	2	2	0	5	1	1	1	4
	2	3	0	5	1	1	1	4
	2	4	0	5	1	1	1	4
	2	5	0	5	1	1	1	4
end

21 
	2	6	0	4	1	1	1	4
	2	6	0	4	1	1	1	4
	2	7	0	4	1	1	1	4
	2	7	0	4	1	1	1	4
	2	8	0	4	1	1	1	4
	2	8	0	4	1	1	1	4
end

22 
	2	9	0	3	1	1	1	4
	2	9	0	3	1	1	1	4
	2	10	0	3	1	1	1	4
	2	10	0	3	1	1	1	4
	2	11	0	3	1	1	1	4
	2	11	0	3	1	1	1	4
end

23 

	2	12	0	2	1	1	1	4
	2	12	0	2	1	1	1	4
	2	13	0	2	1	1	1	4
	2	13	0	2	1	1	1	4
	2	14	0	2	1	1	1	4
	2	15	0	2	1	1	1	4
end

24 
	2	15	0	1	1	1	1	4
	2	16	0	1	1	1	1	4
	2	17	0	1	1	1	1	4
	2	18	0	1	1	1	1	4
end

//=====================================
// Sticks
//=====================================
25
	5	13	0	5	1	1	1	4
	5	13	0	5	1	1	1	4
	5	14	0	5	1	1	1	4
	5	14	0	5	1	1	1	4
end

26 
	5	15	0	4	1	1	1	4
	5	15	0	4	1	1	1	4
	5	16	0	4	1	1	1	4
	5	16	0	4	1	1	1	4
end

27 
	5	17	0	3	1	1	1	4
	5	17	0	3	1	1	1	4
	5	18	0	3	1	1	1	4
	5	18	0	3	1	1	1	4
end

28 
	5	19	0	2	1	1	1	4
	5	19	0	2	1	1	1	4
	5	20	0	2	1	1	1	4
	5	20	0	2	1	1	1	4
end

29 
	5	21	0	1	1	1	1	4
	5	21	0	1	1	1	1	4
	5	22	0	1	1	1	1	4
	5	23	0	1	1	1	1	4
	5	34	0	1	1	1	1	4
end

end